# FIBERD   FIBERSEP
4.2  6.8
# ID    FIBER_X   FIBER_Y
1 -46.4293 49.48800
2 -39.2864 49.48800
3 -32.1434 49.48800
4 -25.0004 49.48800
5 -17.8574 49.48800
6 -10.7145 49.48800
7 -3.57149 49.48800
8 3.57149 49.48800
9 10.7145 49.48800
10 17.8574 49.48800
11 25.0004 49.48800
12 32.1434 49.48800
13 39.2864 49.48800
14 46.4293 49.48800
15 -50.0008 43.30200
16 -42.8579 43.30200
17 -35.7149 43.30200
18 -28.5719 43.30200
19 -21.4289 43.30200
20 -14.286 43.30200
21 -7.14298 43.30200
22 0 43.30200
23 7.14298 43.30200
24 14.286 43.30200
25 21.4289 43.30200
26 28.5719 43.30200
27 35.7149 43.30200
28 42.8579 43.30200
29 50.0008 43.30200
30 -46.4293 37.11600
31 -39.2864 37.11600
32 -32.1434 37.11600
33 -25.0004 37.11600
34 -17.8574 37.11600
35 -10.7145 37.11600
36 -3.57149 37.11600
37 3.57149 37.11600
38 10.7145 37.11600
39 17.8574 37.11600
40 25.0004 37.11600
41 32.1434 37.11600
42 39.2864 37.11600
43 46.4293 37.11600
44 -50.0008 30.93000
45 -42.8579 30.93000
46 -35.7149 30.93000
47 -28.5719 30.93000
48 -21.4289 30.93000
49 -14.286 30.93000
50 -7.14298 30.93000
51 0 30.93000
52 7.14298 30.93000
53 14.286 30.93000
54 21.4289 30.93000
55 28.5719 30.93000
56 35.7149 30.93000
57 42.8579 30.93000
58 50.0008 30.93000
59 -46.4293 24.74400
60 -39.2864 24.74400
61 -32.1434 24.74400
62 -25.0004 24.74400
63 -17.8574 24.74400
64 -10.7145 24.74400
65 -3.57149 24.74400
66 3.57149 24.74400
67 10.7145 24.74400
68 17.8574 24.74400
69 25.0004 24.74400
70 32.1434 24.74400
71 39.2864 24.74400
72 46.4293 24.74400
73 -50.0008 18.55800
74 -42.8579 18.55800
75 -35.7149 18.55800
76 -28.5719 18.55800
77 -21.4289 18.55800
78 -14.286 18.55800
79 -7.14298 18.55800
80 0 18.55800
81 7.14298 18.55800
82 14.286 18.55800
83 21.4289 18.55800
84 28.5719 18.55800
85 35.7149 18.55800
86 42.8579 18.55800
87 50.0008 18.55800
88 -46.4293 12.37200
89 -39.2864 12.37200
90 -32.1434 12.37200
91 -25.0004 12.37200
92 -17.8574 12.37200
93 -10.7145 12.37200
94 -3.57149 12.37200
95 3.57149 12.37200
96 10.7145 12.37200
97 17.8574 12.37200
98 25.0004 12.37200
99 32.1434 12.37200
100 39.2864 12.37200
101 46.4293 12.37200
102 -50.0008 6.18600
103 -42.8579 6.18600
104 -35.7149 6.18600
105 -28.5719 6.18600
106 -21.4289 6.18600
107 -14.286 6.18600
108 -7.14298 6.18600
109 0 6.18600
110 7.14298 6.18600
111 14.286 6.18600
112 21.4289 6.18600
113 28.5719 6.18600
114 35.7149 6.18600
115 42.8579 6.18600
116 50.0008 6.18600
117 -46.4293 0.00000
118 -39.2864 0.00000
119 -32.1434 0.00000
120 -25.0004 0.00000
121 -17.8574 0.00000
122 -10.7145 0.00000
123 -3.57149 0.00000
124 3.57149 0.00000
125 10.7145 0.00000
126 17.8574 0.00000
127 25.0004 0.00000
128 32.1434 0.00000
129 39.2864 0.00000
130 46.4293 0.00000
131 -50.0008 -6.18600
132 -42.8579 -6.18600
133 -35.7149 -6.18600
134 -28.5719 -6.18600
135 -21.4289 -6.18600
136 -14.286 -6.18600
137 -7.14298 -6.18600
138 0 -6.18600
139 7.14298 -6.18600
140 14.286 -6.18600
141 21.4289 -6.18600
142 28.5719 -6.18600
143 35.7149 -6.18600
144 42.8579 -6.18600
145 50.0008 -6.18600
146 -46.4293 -12.37200
147 -39.2864 -12.37200
148 -32.1434 -12.37200
149 -25.0004 -12.37200
150 -17.8574 -12.37200
151 -10.7145 -12.37200
152 -3.57149 -12.37200
153 3.57149 -12.37200
154 10.7145 -12.37200
155 17.8574 -12.37200
156 25.0004 -12.37200
157 32.1434 -12.37200
158 39.2864 -12.37200
159 46.4293 -12.37200
160 -50.0008 -18.55800
161 -42.8579 -18.55800
162 -35.7149 -18.55800
163 -28.5719 -18.55800
164 -21.4289 -18.55800
165 -14.286 -18.55800
166 -7.14298 -18.55800
167 0 -18.55800
168 7.14298 -18.55800
169 14.286 -18.55800
170 21.4289 -18.55800
171 28.5719 -18.55800
172 35.7149 -18.55800
173 42.8579 -18.55800
174 50.0008 -18.55800
175 -46.4293 -24.74400
176 -39.2864 -24.74400
177 -32.1434 -24.74400
178 -25.0004 -24.74400
179 -17.8574 -24.74400
180 -10.7145 -24.74400
181 -3.57149 -24.74400
182 3.57149 -24.74400
183 10.7145 -24.74400
184 17.8574 -24.74400
185 25.0004 -24.74400
186 32.1434 -24.74400
187 39.2864 -24.74400
188 46.4293 -24.74400
189 -50.0008 -30.93000
190 -42.8579 -30.93000
191 -35.7149 -30.93000
192 -28.5719 -30.93000
193 -21.4289 -30.93000
194 -14.286 -30.93000
195 -7.14298 -30.93000
196 0 -30.93000
197 7.14298 -30.93000
198 14.286 -30.93000
199 21.4289 -30.93000
200 28.5719 -30.93000
201 35.7149 -30.93000
202 42.8579 -30.93000
203 50.0008 -30.93000
204 -46.4293 -37.11600
205 -39.2864 -37.11600
206 -32.1434 -37.11600
207 -25.0004 -37.11600
208 -17.8574 -37.11600
209 -10.7145 -37.11600
210 -3.57149 -37.11600
211 3.57149 -37.11600
212 10.7145 -37.11600
213 17.8574 -37.11600
214 25.0004 -37.11600
215 32.1434 -37.11600
216 39.2864 -37.11600
217 46.4293 -37.11600
218 -50.0008 -43.30200
219 -42.8579 -43.30200
220 -35.7149 -43.30200
221 -28.5719 -43.30200
222 -21.4289 -43.30200
223 -14.286 -43.30200
224 -7.14298 -43.30200
225 0 -43.30200
226 7.14298 -43.30200
227 14.286 -43.30200
228 21.4289 -43.30200
229 28.5719 -43.30200
230 35.7149 -43.30200
231 42.8579 -43.30200
232 50.0008 -43.30200
233 -46.4293 -49.48800
234 -39.2864 -49.48800
235 -32.1434 -49.48800
236 -25.0004 -49.48800
237 -17.8574 -49.48800
238 -10.7145 -49.48800
239 -3.57149 -49.48800
240 3.57149 -49.48800
241 10.7145 -49.48800
242 17.8574 -49.48800
243 25.0004 -49.48800
244 32.1434 -49.48800
245 39.2864 -49.48800
246 46.4293 -49.48800
