slitID	 headID	 type	 px	 subpx	 ra	 dec
1	  S1	  sky	2011	2012	0	-600
2	1	  obj	2005	2005.9	1.0751	38.4834
3	2	  obj	1998	1999	1.0751	36.0006
4	3	  obj	1992	1993	1.0751	33.5178
5	4	  obj	1985	1986	1.0751	31.035
6	5	  obj	1979	1980	1.0751	28.5522
7	6	  obj	1972	1973	1.0751	26.0694
8	7	  obj	1966	1967	1.0751	23.5866
9	8	  obj	1960	1960.9	1.0751	21.1038
10	  S2	  sky	1953	1954	0	-600
11	9	  obj	1947	1947.9	1.0751	18.621
12	10	  obj	1940	1941	1.0751	16.1382
13	11	  obj	1934	1934.9	1.0751	13.6554
14	12	  obj	1928	1928.9	1.0751	11.1726
15	13	  obj	1921	1922	1.0751	8.6898
16	14	  obj	1915	1915.9	1.0751	6.207
17	15	  obj	1908	1909	1.0751	3.7242
18	16	  obj	1902	1902.9	1.0751	1.2414
19	  -	  blank	 nan	 nan	 nan	 nan
20	  S3	  sky	1889	1889.9	0	-600
21	17	  obj	1883	1883.9	1.0751	-1.2414
22	18	  obj	1876	1876.9	1.0751	-3.7242
23	19	  obj	1870	1870.9	1.0751	-6.207
24	20	  obj	1863	1863.9	1.0751	-8.6898
25	21	  obj	1857	1857.9	1.0751	-11.1726
26	22	  obj	1851	1851.8	1.0751	-13.6554
27	23	  obj	1844	1844.9	1.0751	-16.1382
28	24	  obj	1838	1838.8	1.0751	-18.621
29	  S4	  sky	1831	1831.9	0	-600
30	25	  obj	1825	1825.9	1.0751	-21.1038
31	26	  obj	1818	1818.9	1.0751	-23.5866
32	27	  obj	1812	1812.9	1.0751	-26.0694
33	28	  obj	1805	1805.9	1.0751	-28.5522
34	29	  obj	1799	1799.9	1.0751	-31.035
35	30	  obj	1793	1793.8	1.0751	-33.5178
36	31	  obj	1786	1786.9	1.0751	-36.0006
37	32	  obj	1780	1780.8	1.0751	-38.4834
38	  -	  blank	 nan	 nan	 nan	 nan
39	  _S5_	  blank	1767	1767.8	 nan	 nan
40	33	  obj	1760	1760.9	3.2253	39.7248
41	34	  obj	1754	1754.8	3.2253	37.242
42	35	  obj	1747	1747.9	3.2253	34.7592
43	36	  obj	1741	1741.8	3.2253	32.2764
44	37	  obj	1734	1734.9	3.2253	29.7936
45	38	  obj	1728	1728.8	3.2253	27.3108
46	39	  obj	1722	1722.8	3.2253	24.828
47	40	  obj	1715	1715.8	3.2253	22.3452
48	  S6	  sky	1709	1709.8	0	-600
49	41	  obj	1702	1702.8	3.2253	19.8624
50	42	  obj	1696	1696.8	3.2253	17.3796
51	43	  obj	1689	1689.9	3.2253	14.8968
52	44	  obj	1683	1683.8	3.2253	12.414
53	45	  obj	1676	1676.8	3.2253	9.9312
54	46	  obj	1670	1670.8	3.2253	7.4484
55	47	  obj	1663	1663.8	3.2253	4.9656
56	48	  obj	1657	1657.8	3.2253	2.4828
57	  -	  blank	 nan	 nan	 nan	 nan
58	  S7	  sky	1644	1644.8	0	-600
59	49	  obj	1638	1638.8	3.2253	0
60	50	  obj	1631	1631.8	3.2253	-2.4828
61	51	  obj	1624	1624.8	3.2253	-4.9656
62	52	  obj	1618	1618.8	3.2253	-7.4484
63	53	  obj	1611	1611.8	3.2253	-9.9312
64	54	  obj	1605	1605.8	3.2253	-12.414
65	55	  obj	1599	1599.7	3.2253	-14.8968
66	56	  obj	1592	1592.8	3.2253	-17.3796
67	  S8	  sky	1586	1586.7	0	-600
68	57	  obj	1579	1579.8	3.2253	-19.8624
69	58	  obj	1573	1573.7	3.2253	-22.3452
70	59	  obj	1566	1566.8	3.2253	-24.828
71	60	  obj	1560	1560.7	3.2253	-27.3108
72	61	  obj	1553	1553.8	3.2253	-29.7936
73	62	  obj	1547	1547.7	3.2253	-32.2764
74	63	  obj	1540	1540.8	3.2253	-34.7592
75	64	  obj	1534	1534.7	3.2253	-37.242
76	  -	  blank	 nan	 nan	 nan	 nan
77	  S9	  sky	1521	1521.7	0	-600
78	65	  obj	1515	1515.7	5.3754	38.4834
79	66	  obj	1508	1508.7	5.3754	36.0006
80	67	  obj	1502	1502.7	5.3754	33.5178
81	68	  obj	1495	1495.7	5.3754	31.035
82	69	  obj	1489	1489.7	5.3754	28.5522
83	70	  obj	1482	1482.7	5.3754	26.0694
84	71	  obj	1476	1476.7	5.3754	23.5866
85	72	  obj	1469	1469.7	5.3754	21.1038
86	  S10	  sky	1463	1463.7	0	-600
87	73	  obj	1456	1456.7	5.3754	18.621
88	74	  obj	1450	1450.7	5.3754	16.1382
89	75	  obj	1443	1443.7	5.3754	13.6554
90	76	  obj	1437	1437.7	5.3754	11.1726
91	77	  obj	1430	1430.7	5.3754	8.6898
92	78	  obj	1424	1424.7	5.3754	6.207
93	79	  obj	1417	1417.7	5.3754	3.7242
94	80	  obj	1411	1411.7	5.3754	1.2414
95	  -	  blank	 nan	 nan	 nan	 nan
96	  _S11_	  blank	1398	1398.7	 nan	 nan
97	81	  obj	1391	1391.7	5.3754	-1.2414
98	82	  obj	1385	1385.6	5.3754	-3.7242
99	83	  obj	1378	1378.7	5.3754	-6.207
100	84	  obj	1372	1372.7	5.3754	-8.6898
101	85	  obj	1365	1365.7	5.3754	-11.1726
103	86	  obj	1359	1359.6	5.3754	-13.6554
102	87	  obj	1353	1353.6	5.3754	-16.1382
104	88	  obj	1346	1346.7	5.3754	-18.621
105	  S12	  sky	1339	1339.7	0	-600
106	89	  obj	1333	1333.6	5.3754	-21.1038
107	90	  obj	1327	1327.6	5.3754	-23.5866
108	91	  obj	1320	1320.6	5.3754	-26.0694
109	92	  obj	1314	1314.6	5.3754	-28.5522
110	93	  obj	1307	1307.6	5.3754	-31.035
111	94	  obj	1300	1300.7	5.3754	-33.5178
112	95	  obj	1294	1294.6	5.3754	-36.0006
113	96	  obj	1288	1288.6	5.3754	-38.4834
114	  -	  blank	 nan	 nan	 nan	 nan
115	  S13	  sky	1275	1275.6	0	-600
116	97	  obj	1268	1268.6	7.5256	39.7248
117	98	  obj	1261	1261.7	7.5256	37.242
118	99	  obj	1255	1255.6	7.5256	34.7592
119	100	  obj	1249	1249.6	7.5256	32.2764
120	101	  obj	1242	1242.6	7.5256	29.7936
121	102	  obj	1236	1236.6	7.5256	27.3108
122	103	  obj	1229	1229.6	7.5256	24.828
123	104	  obj	1223	1223.6	7.5256	22.3452
124	  S14	  sky	1216	1216.6	0	-600
125	105	  obj	1210	1210.5	7.5256	19.8624
126	106	  obj	1203	1203.6	7.5256	17.3796
128	107	  obj	1197	1197.6	7.5256	14.8968
127	108	  obj	1190	1190.6	7.5256	12.414
129	109	  obj	1184	1184.5	7.5256	9.9312
130	110	  obj	1177	1177.6	7.5256	7.4484
131	111	  obj	1171	1171.5	7.5256	4.9656
132	112	  obj	1164	1164.6	7.5256	2.4828
133	  -	  blank	 nan	 nan	 nan	 nan
134	  S15	  sky	1151	1151.6	0	-600
135	113	  obj	1145	1145.5	7.5256	0
136	114	  obj	1138	1138.6	7.5256	-2.4828
137	115	  obj	1132	1132.5	7.5256	-4.9656
138	116	  obj	1125	1125.6	7.5256	-7.4484
139	117	  obj	1119	1119.5	7.5256	-9.9312
140	118	  obj	1112	1112.6	7.5256	-12.414
141	119	  obj	1106	1106.5	7.5256	-14.8968
142	120	  obj	1099	1099.6	7.5256	-17.3796
143	  S16	  sky	1093	1093.5	0	-600
144	121	  obj	1086	1086.6	7.5256	-19.8624
145	122	  obj	1080	1080.5	7.5256	-22.3452
146	123	  obj	1073	1073.5	7.5256	-24.828
147	124	  obj	1067	1067.5	7.5256	-27.3108
148	125	  obj	1060	1060.5	7.5256	-29.7936
149	126	  obj	1054	1054.5	7.5256	-32.2764
150	127	  obj	1047	1047.5	7.5256	-34.7592
151	128	  obj	1041	1041.5	7.5256	-37.242
152	  -	  blank	 nan	 nan	 nan	 nan
153	  _S17_	  blank	1028	1028.5	 nan	 nan
154	  -	  blank	 nan	 nan	 nan	 nan
155	129	  obj	1015	1015.5	9.6758	38.4834
156	130	  obj	1008	1008.5	9.6758	36.0006
157	131	  obj	1002	1002.5	9.6758	33.5178
158	132	  obj	995	995.5	9.6758	31.035
159	133	  obj	989	989.5	9.6758	28.5522
160	134	  obj	982	982.5	9.6758	26.0694
161	135	  obj	976	976.5	9.6758	23.5866
162	136	  obj	969	969.5	9.6758	21.1038
163	  S18	  sky	963	963.5	0	-600
164	137	  obj	956	956.5	9.6758	18.621
165	138	  obj	950	950.5	9.6758	16.1382
166	139	  obj	944	944.4	9.6758	13.6554
167	140	  obj	937	937.4	9.6758	11.1726
168	141	  obj	930	930.5	9.6758	8.6898
169	142	  obj	924	924.4	9.6758	6.207
170	143	  obj	917	917.5	9.6758	3.7242
171	144	  obj	911	911.4	9.6758	1.2414
172	  S19	  sky	904	904.5	0	-600
173	  -	  blank	 nan	 nan	 nan	 nan
174	145	  obj	891	891.5	9.6758	-1.2414
175	146	  obj	885	885.4	9.6758	-3.7242
176	147	  obj	878	878.5	9.6758	-6.207
177	148	  obj	872	872.4	9.6758	-8.6898
178	150	  obj	865	865.5	9.6758	-11.1726
179	149	  obj	859	859.4	9.6758	-13.6554
180	151	  obj	853	853.4	9.6758	-16.1382
181	152	  obj	846	846.4	9.6758	-18.621
182	  S20	  sky	840	840.4	0	-600
183	153	  obj	833	833.4	9.6758	-21.1038
184	154	  obj	827	827.4	9.6758	-23.5866
185	155	  obj	820	820.4	9.6758	-26.0694
186	156	  obj	814	814.4	9.6758	-28.5522
187	157	  obj	807	807.4	9.6758	-31.035
188	158	  obj	801	801.4	9.6758	-33.5178
189	159	  obj	794	794.4	9.6758	-36.0006
190	160	  obj	788	788.3	9.6758	-38.4834
191	  S21	  sky	781	781.4	0	-600
192	  -	  blank	 nan	 nan	 nan	 nan
193	161	  obj	768	768.4	11.8259	39.7248
194	162	  obj	762	762.3	11.8259	37.242
195	163	  obj	755	755.4	11.8259	34.7592
196	164	  obj	749	749.3	11.8259	32.2764
197	165	  obj	742	742.4	11.8259	29.7936
198	166	  obj	736	736.3	11.8259	27.3108
199	167	  obj	730	730.3	11.8259	24.828
200	168	  obj	723	723.3	11.8259	22.3452
201	  S22	  sky	716	716.4	0	-600
202	169	  obj	710	710.3	11.8259	19.8624
203	171	  obj	703	703.4	11.8259	17.3796
204	170	  obj	697	697.3	11.8259	14.8968
205	172	  obj	691	691.3	11.8259	12.414
206	173	  obj	684	684.3	11.8259	9.9312
207	174	  obj	678	678.3	11.8259	7.4484
208	175	  obj	671	671.3	11.8259	4.9656
209	176	  obj	665	665.3	11.8259	2.4828
210	  _S23_	  blank	658	658.3	 nan	 nan
211	  -	  blank	 nan	 nan	 nan	 nan
212	177	  obj	645	645.3	11.8259	0
213	178	  obj	639	639.3	11.8259	-2.4828
214	179	  obj	632	632.3	11.8259	-4.9656
215	180	  obj	625	625.3	11.8259	-7.4484
216	181	  obj	619	619.3	11.8259	-9.9312
217	182	  obj	613	613.3	11.8259	-12.414
218	183	  obj	606	606.3	11.8259	-14.8968
219	184	  obj	600	600.3	11.8259	-17.3796
220	  S24	  sky	593	593.3	0	-600
221	185	  obj	587	587.3	11.8259	-19.8624
222	186	  obj	580	580.3	11.8259	-22.3452
223	187	  obj	574	574.3	11.8259	-24.828
224	188	  obj	567	567.3	11.8259	-27.3108
225	189	  obj	561	561.3	11.8259	-29.7936
226	190	  obj	554	554.3	11.8259	-32.2764
227	191	  obj	548	548.3	11.8259	-34.7592
228	192	  obj	542	542.2	11.8259	-37.242
229	  S25	  sky	535	535.3	0	-600
230	  -	  blank	 nan	 nan	 nan	 nan
231	193	  obj	522	522.3	13.9761	38.4834
232	194	  obj	515	515.3	13.9761	36.0006
233	195	  obj	509	509.3	13.9761	33.5178
234	196	  obj	503	503.2	13.9761	31.035
235	197	  obj	496	496.3	13.9761	28.5522
236	198	  obj	490	490.2	13.9761	26.0694
237	199	  obj	483	483.3	13.9761	23.5866
238	200	  obj	477	477.2	13.9761	21.1038
239	  S26	  sky	470	470.3	0	-600
240	201	  obj	464	464.2	13.9761	18.621
241	202	  obj	457	457.3	13.9761	16.1382
242	203	  obj	451	451.2	13.9761	13.6554
243	204	  obj	444	444.3	13.9761	11.1726
244	205	  obj	438	438.2	13.9761	8.6898
245	206	  obj	432	432.2	13.9761	6.207
246	207	  obj	425	425.2	13.9761	3.7242
247	208	  obj	419	419.2	13.9761	1.2414
248	  S27	  sky	412	412.2	0	-600
249	  -	  blank	 nan	 nan	 nan	 nan
250	209	  obj	399	399.2	13.9761	-1.2414
251	210	  obj	393	393.2	13.9761	-3.7242
252	211	  obj	386	386.2	13.9761	-6.207
253	212	  obj	380	380.2	13.9761	-8.6898
254	213	  obj	373	373.2	13.9761	-11.1726
255	214	  obj	367	367.2	13.9761	-13.6554
256	215	  obj	360	360.2	13.9761	-16.1382
257	216	  obj	354	354.2	13.9761	-18.621
258	  S28	  sky	348	348.1	0	-600
259	217	  obj	341	341.2	13.9761	-21.1038
260	218	  obj	335	335.1	13.9761	-23.5866
261	219	  obj	328	328.2	13.9761	-26.0694
262	220	  obj	322	322.1	13.9761	-28.5522
263	221	  obj	315	315.2	13.9761	-31.035
264	222	  obj	309	309.1	13.9761	-33.5178
265	223	  obj	302	302.2	13.9761	-36.0006
266	224	  obj	296	296.1	13.9761	-38.4834
267	  _S29_	  blank	289	289.2	 nan	 nan
268	  -	  blank	 nan	 nan	 nan	 nan
269	225	  obj	277	277.1	16.1263	39.7248
270	226	  obj	270	270.2	16.1263	37.242
271	227	  obj	264	264.1	16.1263	34.7592
272	228	  obj	257	257.2	16.1263	32.2764
273	229	  obj	251	251.1	16.1263	29.7936
274	230	  obj	245	245.1	16.1263	27.3108
275	231	  obj	238	238.1	16.1263	24.828
276	232	  obj	232	232.1	16.1263	22.3452
277	  S30	  sky	225	225.1	0	-600
278	233	  obj	219	219.1	16.1263	19.8624
279	234	  obj	213	213.1	16.1263	17.3796
280	235	  obj	206	206.1	16.1263	14.8968
281	236	  obj	200	200.1	16.1263	12.414
282	237	  obj	193	193.1	16.1263	9.9312
283	238	  obj	187	187.1	16.1263	7.4484
284	239	  obj	180	180.1	16.1263	4.9656
285	240	  obj	174	174.1	16.1263	2.4828
286	  S31	  sky	167	167.1	0	-600
287	  -	  blank	 nan	 nan	 nan	 nan
288	241	  obj	155	155	16.1263	0
289	242	  obj	148	148.1	16.1263	-2.4828
290	243	  obj	142	142	16.1263	-4.9656
291	244	  obj	135	135.1	16.1263	-7.4484
292	245	  obj	129	129	16.1263	-9.9312
293	246	  obj	122	122.1	16.1263	-12.414
294	247	  obj	116	116.1	16.1263	-14.8968
295	248	  obj	110	110	16.1263	-17.3796
296	  S32	  sky	103	103.1	0	-600
297	249	  obj	97	97	16.1263	-19.8624
298	250	  obj	90	90.1	16.1263	-22.3452
299	251	  obj	84	84.1	16.1263	-24.828
300	252	  obj	78	78	16.1263	-27.3108
301	253	  obj	71	71.1	16.1263	-29.7936
302	254	  obj	65	65	16.1263	-32.2764
303	255	  obj	58	58.1	16.1263	-34.7592
304	256	  obj	52	52	16.1263	-37.242
305	  S33	  sky	46	46	0	-600
